100 100
206 168 30 218 187 80 38 44 52 29 247 72 183 104 68 104 43 210 134 150 75 55 117 188 170 87 61 254 152 68 114 72 242 164 141 57 225 107 101 221 49 218 192 29 192 74 153 211 216 58 119 55 249 136 22 148 7 112 134 152 154 32 167 97 124 87 77 216 7 115 169 210 54 87 187 130 9 234 244 100 94 96 113 174 98 125 255 181 87 59 103 67 129 80 207 191 113 214 0 27
94 213 16 109 38 197 183 8 206 125 97 113 208 100 208 198 191 10 230 42 73 89 31 32 215 171 121 4 84 11 252 195 133 131 152 136 136 85 113 187 208 209 153 124 91 44 107 69 197 159 166 64 101 160 138 124 158 205 232 254 28 164 234 185 116 183 134 152 144 167 137 65 170 99 199 172 106 205 114 29 155 80 60 60 77 254 114 76 241 24 17 136 6 232 21 237 149 125 113 179
44 92 178 105 226 240 106 53 131 64 1 192 93 165 153 96 174 168 106 100 204 8 223 162 94 186 110 223 56 221 223 74 202 95 161 77 90 237 254 214 110 152 62 224 59 96 95 55 103 80 108 157 53 150 114 195 109 25 97 241 71 7 132 93 235 42 193 75 74 49 148 115 159 151 179 58 243 70 134 33 215 69 72 68 28 121 65 117 95 88 67 35 230 200 50 47 163 1 244 248
21 244 195 132 254 103 190 240 84 95 96 245 204 233 87 111 99 190 243 90 69 72 6 189 36 245 249 210 136 115 121 90 225 252 246 60 163 166 202 108 86 110 132 144 12 68 231 119 8 113 71 182 125 156 87 173 154 178 39 129 64 156 243 238 26 53 71 59 201 74 9 35 122 128 194 160 18 64 194 232 110 16 98 213 156 220 121 8 155 65 63 184 131 231 169 218 96 197 20 154
197 180 217 149 91 18 146 77 136 215 109 37 158 197 41 202 207 240 125 112 174 82 232 120 43 174 165 35 9 182 23 173 206 31 87 167 193 190 220 234 195 216 3 15 1 106 52 76 215 143 121 71 119 156 203 198 50 111 219 137 37 162 223 196 169 4 112 5 126 245 247 95 21 114 211 159 106 204 80 251 14 172 142 215 214 225 109 201 56 247 85 56 39 194 6 155 158 6 31 174
237 44 61 225 236 50 1 92 235 163 149 192 134 248 243 95 225 16 5 52 249 132 149 83 94 67 95 251 165 112 87 228 119 235 206 1 172 56 202 48 144 69 64 124 172 53 237 151 195 75 36 242 67 101 5 135 10 143 0 253 7 88 37 67 5 59 45 23 11 231 210 118 146 191 253 64 18 208 75 205 184 243 111 59 145 119 207 136 145 134 50 217 226 242 199 182 157 154 71 141
82 242 80 238 199 238 166 144 167 53 223 31 225 104 160 125 181 95 57 48 183 49 178 127 193 139 49 253 211 189 167 165 36 226 35 8 204 86 199 213 79 15 28 119 103 136 39 192 31 239 132 185 127 205 251 141 115 146 242 93 65 231 113 116 251 123 96 212 44 149 5 166 163 91 240 148 145 165 216 212 147 201 111 93 14 120 71 74 135 143 39 29 33 231 226 225 155 128 177 15
165 194 201 253 68 200 38 154 130 248 120 150 129 245 2 243 156 50 172 238 32 9 244 194 153 136 106 170 150 176 207 41 185 101 29 31 88 228 50 123 224 187 82 192 201 244 125 39 0 132 111 6 102 5 255 129 126 188 191 59 175 152 109 171 61 122 25 175 228 191 253 173 126 1 230 249 5 19 29 93 46 83 243 33 219 120 205 23 87 145 144 79 192 205 241 140 180 17 213 189
40 164 53 92 188 63 87 6 199 42 89 98 160 222 217 79 158 97 166 156 239 215 61 77 95 33 229 46 92 249 46 103 146 212 26 33 150 53 180 54 141 219 236 135 82 16 156 236 154 156 21 31 228 120 109 20 159 124 242 90 54 3 65 149 220 22 157 193 243 249 3 249 211 255 15 126 242 75 61 109 178 6 206 45 143 183 48 51 236 47 248 253 5 122 65 143 115 75 69 245
235 53 45 166 123 250 178 186 105 225 112 177 94 145 140 116 252 135 159 150 171 44 34 53 102 11 239 77 39 105 198 137 75 168 248 205 117 6 20 101 106 240 38 39 5 4 146 52 135 126 9 75 93 13 62 44 76 248 66 90 150 120 184 197 171 95 222 246 180 15 32 240 15 68 88 231 69 181 31 11 74 153 12 20 127 204 93 91 216 195 193 97 221 207 240 217 30 62 155 19
20 61 11 84 129 192 145 80 118 98 253 89 76 52 118 40 43 47 53 117 202 185 115 153 115 230 167 152 93 129 195 37 248 245 175 11 209 142 249 26 26 133 39 98 189 87 99 150 163 185 71 182 41 100 148 47 50 115 125 187 244 105 163 141 214 192 217 137 249 222 112 52 32 57 223 239 53 152 108 233 216 220 240 177 35 46 200 11 229 246 42 168 40 154 193 238 78 60 173 163
249 228 3 14 97 160 245 31 47 41 53 162 86 85 62 233 148 178 186 28 4 3 162 34 252 206 224 117 96 42 165 151 220 117 187 62 162 196 95 242 199 169 1 184 103 107 96 191 141 61 117 204 74 183 233 187 101 184 104 71 113 80 30 107 247 168 231 74 215 79 239 233 207 205 49 19 227 204 81 235 237 202 126 93 228 20 151 203 205 75 119 185 49 219 212 148 148 114 200 218
231 61 203 151 64 117 149 122 11 193 14 142 195 155 164 185 202 69 213 55 242 11 87 217 42 27 87 43 114 43 38 5 75 118 167 7 210 187 163 227 210 139 201 118 126 77 65 167 72 197 145 138 71 200 48 218 206 72 86 124 253 103 35 147 222 136 42 113 213 203 16 218 15 186 62 194 10 20 213 143 135 191 202 226 53 187 14 210 7 43 223 97 210 165 29 175 84 176 80 137
176 138 78 130 185 76 187 143 111 249 224 79 18 64 21 90 97 50 206 76 97 98 138 153 40 18 246 192 153 176 63 126 21 125 118 123 46 216 72 100 227 251 241 6 75 6 117 27 97 205 81 179 12 16 62 192 145 166 155 221 139 75 79 117 65 129 57 217 183 172 195 56 183 19 215 86 240 243 16 145 65 47 159 25 147 124 184 89 46 233 231 111 21 24 226 126 194 9 111 228
118 252 243 34 103 34 233 74 150 136 51 227 22 244 117 11 63 144 117 84 237 52 221 136 54 169 254 108 13 79 128 217 232 113 55 186 40 166 19 107 143 11 195 211 141 77 230 23 191 189 179 59 1 83 141 247 209 227 44 221 179 118 174 21 79 26 99 225 33 84 248 173 77 34 173 202 13 123 1 16 216 210 122 227 250 247 106 106 206 243 71 243 78 250 216 43 155 245 120 11
14 205 111 36 52 7 49 123 142 17 204 96 110 39 212 134 115 227 173 138 219 174 222 88 109 217 111 175 141 132 58 222 7 158 188 204 31 83 76 27 57 193 247 213 49 193 158 83 216 52 119 164 121 153 44 48 159 94 200 110 29 40 217 139 197 59 205 55 87 73 30 253 78 24 121 232 95 128 76 205 45 124 205 233 101 172 250 141 8 89 58 171 152 189 58 131 21 223 178 97
255 100 213 212 245 130 251 8 226 174 126 3 177 196 130 124 73 118 108 190 129 236 132 249 185 172 244 194 60 151 68 218 65 172 76 60 254 172 30 99 52 103 8 130 33 34 213 89 15 22 61 6 60 91 112 15 212 204 86 187 201 144 238 171 162 152 82 20 231 185 252 175 75 34 66 43 61 254 99 234 36 252 217 203 135 186 10 177 81 61 19 242 113 64 113 250 196 228 205 20
104 54 3 26 91 111 135 236 158 13 24 50 56 217 194 123 76 145 161 48 210 246 181 33 101 117 244 49 124 25 251 32 211 159 10 148 11 75 25 17 71 34 83 71 245 168 249 255 33 189 6 67 193 97 213 13 198 254 205 131 230 209 144 26 154 119 122 162 2 41 208 17 197 115 120 251 179 107 135 208 23 93 190 150 225 40 90 207 178 109 127 183 41 22 227 23 93 27 114 149
187 246 245 78 109 1 90 160 214 148 36 189 98 62 234 210 174 196 170 9 137 75 41 237 145 74 62 180 254 96 169 182 121 11 209 244 51 220 124 237 14 125 208 178 46 164 174 116 221 31 33 50 161 151 222 104 216 112 243 194 66 145 75 214 125 182 128 56 84 116 137 107 9 207 21 56 237 96 166 47 63 67 105 181 184 148 118 186 20 204 19 249 99 142 0 190 150 15 241 36
234 167 67 44 30 182 219 225 167 46 160 121 238 222 164 114 189 131 62 20 208 51 2 5 195 64 102 201 1 227 64 185 121 206 25 145 61 16 19 57 199 181 65 23 41 136 105 242 64 121 62 207 131 226 229 8 245 235 208 197 6 147 215 211 113 244 35 202 188 192 196 13 41 175 10 155 19 119 160 180 232 5 237 133 45 42 129 190 234 89 76 145 160 181 239 32 139 105 44 226
216 200 87 227 77 223 41 127 77 225 250 183 227 235 103 45 87 35 108 192 242 233 219 59 22 245 110 144 9 228 42 185 115 33 221 227 191 63 223 56 212 40 180 216 115 252 93 145 114 182 118 236 206 109 208 116 34 156 219 108 193 15 153 240 166 174 27 19 106 217 173 53 61 69 111 238 108 7 19 249 172 242 168 110 254 108 121 245 92 49 16 208 66 191 254 219 204 60 220 39
91 117 158 57 10 157 23 96 250 62 0 59 133 63 233 13 193 86 225 253 169 47 22 148 129 47 163 208 212 232 223 150 10 85 94 85 88 145 54 188 34 132 31 221 164 186 135 142 202 93 88 72 128 216 87 144 224 16 39 185 45 72 95 98 165 8 41 220 47 84 39 151 155 146 203 175 222 108 73 167 130 178 119 62 200 255 41 57 127 207 188 2 166 2 170 31 35 95 104 42
130 101 210 3 164 1 235 250 176 79 97 232 52 230 16 140 48 44 184 175 32 99 250 64 236 65 61 44 214 213 100 179 20 106 219 223 237 66 148 46 90 67 85 31 39 109 131 48 247 109 120 26 152 214 193 199 252 106 73 115 196 185 131 116 246 141 103 67 45 199 10 22 18 8 66 17 246 38 138 209 181 236 96 184 233 132 212 220 35 143 87 247 20 2 1 241 148 140 234 232
135 49 68 234 100 82 66 87 178 165 22 136 109 245 150 216 214 14 197 115 224 189 167 245 46 178 65 235 12 136 169 221 140 232 150 96 83 23 177 118 187 220 143 253 77 23 254 17 210 102 122 119 82 49 129 9 123 122 191 123 144 108 159 213 129 195 218 65 48 78 27 240 221 205 238 231 147 133 237 92 67 229 51 21 243 70 54 235 150 181 92 244 36 14 231 124 95 97 80 30
208 217 112 20 205 202 73 180 167 46 64 141 97 38 254 238 157 61 163 176 1 232 153 74 12 232 184 187 212 150 125 250 155 96 165 127 35 152 95 131 24 118 13 172 44 70 236 235 169 128 25 2 10 63 126 5 90 201 76 174 174 212 154 247 98 131 237 18 60 252 119 53 227 43 218 246 224 27 57 240 229 199 185 59 16 105 208 193 17 213 118 185 137 179 252 239 173 117 226 64
160 135 20 240 197 34 78 124 0 45 179 233 128 10 189 41 229 213 84 93 20 50 128 236 156 0 233 61 147 54 210 116 48 14 218 81 10 13 248 7 32 37 73 145 196 67 177 130 4 205 171 77 102 154 172 64 36 184 179 55 37 37 93 228 126 29 59 233 37 90 225 25 134 177 154 198 185 37 46 168 150 21 80 191 31 149 50 194 157 195 157 165 48 249 69 53 151 156 127 29
252 78 100 134 96 209 234 168 10 50 209 106 19 223 190 202 79 171 45 64 172 92 114 54 146 252 80 175 211 66 178 127 37 211 144 153 120 232 45 108 119 202 247 113 100 183 2 229 46 159 71 105 121 213 100 2 89 117 241 162 84 150 104 51 24 197 119 66 165 29 64 117 134 235 70 183 135 128 233 170 18 213 216 219 115 7 39 230 97 95 93 226 186 254 95 55 135 47 103 24
57 20 37 40 52 109 213 130 134 55 99 172 82 199 104 202 48 108 26 55 217 164 21 191 177 191 194 224 254 152 115 155 210 125 57 199 112 29 70 196 62 74 245 134 217 196 65 248 235 41 120 200 239 49 143 53 74 96 128 174 127 176 63 72 15 195 102 20 199 59 246 32 21 109 242 230 47 227 203 27 122 159 170 186 141 51 110 21 192 115 24 204 162 116 16 22 63 205 44 112
137 217 111 84 167 199 66 56 175 152 39 215 166 117 11 209 36 172 2 115 195 245 105 73 192 96 229 153 83 122 53 192 2 100 237 8 130 218 174 184 16 66 95 138 75 251 133 153 138 107 14 108 119 120 49 241 200 208 11 85 91 82 211 65 67 196 231 12 125 234 165 207 111 51 145 118 147 124 10 45 146 189 55 152 49 104 70 250 190 113 242 34 49 96 100 207 96 10 100 173
83 151 50 166 217 219 237 182 114 80 196 73 88 139 216 122 100 29 96 23 180 42 25 231 178 8 20 114 171 111 170 83 54 37 32 83 253 142 171 59 36 101 192 242 111 149 134 151 34 7 33 201 80 17 8 59 128 30 148 125 189 32 67 71 115 87 151 96 251 214 115 180 94 8 183 33 249 105 152 209 52 69 162 126 104 253 6 241 168 94 201 252 153 162 223 8 149 76 81 15
242 230 162 222 135 54 82 81 21 133 0 135 159 81 236 82 44 99 107 121 84 138 7 143 28 73 183 6 173 6 216 118 217 73 17 79 160 35 159 26 52 54 187 228 123 2 65 236 217 71 235 169 90 228 98 150 90 169 146 121 166 189 32 105 152 185 251 215 83 78 146 143 183 255 123 59 231 168 33 13 226 131 224 209 82 33 35 5 162 76 242 65 11 23 120 75 13 89 106 61
254 65 158 244 197 142 193 157 226 81 163 92 219 255 134 52 199 231 103 149 129 118 142 85 158 55 35 244 177 56 68 183 144 254 213 88 73 95 149 243 43 31 227 184 3 28 241 17 185 185 11 130 13 205 102 117 91 94 151 5 194 155 72 133 62 147 178 83 90 43 10 201 191 165 18 101 202 230 46 208 62 93 213 76 43 250 32 182 194 108 149 54 211 32 218 179 93 186 89 29
47 221 173 98 200 66 64 238 246 201 88 169 216 8 19 27 175 121 224 188 58 54 155 128 25 151 225 40 108 228 65 133 181 186 78 131 150 27 36 179 110 111 189 74 78 171 129 158 95 243 45 95 188 142 104 221 124 151 105 236 127 206 45 126 115 201 68 223 209 204 137 3 138 176 132 67 224 23 243 155 131 252 236 130 136 30 97 28 57 104 192 172 19 19 103 25 89 100 43 52
155 107 26 196 216 166 122 184 240 17 109 74 68 168 95 113 88 194 218 43 114 61 243 216 91 70 64 78 23 198 161 205 225 169 249 37 156 234 113 124 4 185 247 32 208 233 224 102 184 0 230 145 232 80 75 237 141 67 208 61 184 70 55 31 141 111 74 253 46 143 137 135 231 217 32 58 1 98 188 106 27 207 1 6 151 149 233 254 42 64 157 153 110 73 110 66 62 103 217 176
150 80 38 18 124 205 41 217 142 181 235 20 159 237 177 33 20 181 48 181 72 59 112 217 40 105 5 231 71 161 184 68 6 242 123 195 8 208 64 209 234 214 37 251 58 148 1 218 210 19 83 37 119 41 166 178 233 213 223 167 220 134 204 100 213 156 241 90 89 3 3 188 222 11 229 64 42 169 221 209 28 111 57 184 76 13 129 208 11 60 219 181 112 41 143 177 200 69 58 185
0 238 190 240 22 75 14 243 183 209 211 164 253 180 9 231 34 185 178 59 161 6 176 230 114 42 95 244 235 26 137 24 24 199 246 200 193 111 13 41 11 93 192 192 56 219 103 182 85 46 11 60 31 96 244 57 141 38 22 92 45 61 116 154 26 5 14 204 205 21 66 252 77 177 125 107 27 162 61 8 253 208 224 12 189 150 33 27 112 253 80 58 68 122 121 253 106 254 140 70
148 223 58 182 228 49 98 31 161 9 201 23 84 212 30 184 19 51 158 114 123 232 38 178 17 84 120 68 195 158 243 249 175 173 73 27 237 69 74 68 164 33 209 204 109 111 158 51 138 192 144 243 209 69 177 215 210 228 38 1 31 183 170 162 47 128 201 205 35 197 223 50 197 64 173 19 141 66 29 103 113 48 30 152 17 171 147 246 142 131 152 57 235 254 173 102 87 224 244 147
33 184 173 207 208 16 11 82 74 94 253 143 157 104 111 63 71 165 147 234 125 8 22 29 154 91 164 34 17 225 124 87 66 49 41 6 155 73 136 195 84 226 1 190 193 252 247 128 22 34 51 253 171 19 3 214 139 223 198 203 148 66 216 253 235 234 187 191 37 58 230 57 144 51 143 240 150 4 194 169 172 81 95 93 99 230 89 241 75 92 131 243 126 208 139 201 227 63 240 49
131 226 142 41 87 142 195 158 186 235 56 194 113 2 68 175 236 127 47 223 199 228 181 253 246 190 74 60 200 216 224 168 27 135 58 35 67 19 116 246 69 78 230 37 144 227 27 26 171 116 68 215 175 120 36 124 21 237 201 198 178 243 216 226 236 162 126 70 78 35 162 60 39 218 66 69 177 211 82 148 142 44 106 79 99 151 62 201 186 196 76 32 183 216 148 101 210 138 2 130
205 224 166 111 244 155 185 141 120 66 75 135 218 29 231 210 17 227 214 55 155 216 92 254 211 68 234 51 128 66 203 145 247 128 67 223 220 147 179 251 213 237 228 43 213 21 154 130 72 187 203 231 118 41 53 192 230 119 62 120 51 221 12 148 75 209 136 253 201 243 14 255 70 79 150 88 238 161 167 27 219 143 97 32 248 130 136 19 172 200 45 5 179 243 244 73 3 148 63 146
33 100 71 141 63 209 111 207 23 153 34 56 142 108 228 26 208 107 44 153 112 237 216 253 242 99 191 76 106 86 7 71 100 216 21 32 247 65 18 240 141 212 213 92 95 71 202 4 161 137 79 184 157 121 182 101 79 222 93 107 62 147 89 113 2 86 253 216 86 235 190 43 193 157 42 149 48 115 235 41 75 35 28 223 81 248 176 22 41 185 203 129 186 83 119 111 243 235 53 187
246 86 62 239 213 219 35 41 193 247 233 34 129 224 109 114 3 83 175 224 104 67 225 136 55 148 22 192 219 159 242 106 137 216 130 5 81 157 140 194 108 159 201 44 99 40 197 81 94 108 142 64 13 38 206 153 178 183 181 60 24 215 30 66 96 98 63 189 70 236 207 62 244 230 21 46 75 63 32 144 10 119 56 131 23 177 208 243 223 235 248 217 63 46 60 90 218 35 117 229
53 35 118 53 248 3 122 26 143 89 82 126 47 193 9 194 95 160 48 204 68 211 251 148 81 41 157 189 178 233 55 202 55 62 137 200 0 56 211 205 156 143 211 240 117 237 205 126 81 25 131 251 133 159 68 6 190 213 215 155 6 167 205 224 14 65 146 149 103 209 168 134 36 180 42 164 205 241 76 236 184 240 227 219 88 11 241 75 79 219 160 214 210 249 89 227 72 162 54 180
204 184 166 79 11 105 136 129 238 117 218 187 113 29 188 29 12 152 129 58 181 26 162 220 163 32 130 112 181 69 247 225 138 62 155 167 189 0 71 23 169 83 40 208 3 253 80 115 186 30 109 15 42 234 205 101 222 184 245 164 172 157 96 108 193 81 79 204 70 117 24 108 142 203 48 76 86 52 205 207 135 53 20 159 120 1 167 123 36 57 74 83 24 24 217 80 177 111 46 224
72 186 196 174 85 170 233 29 209 202 154 224 246 69 8 56 132 218 175 54 217 143 125 23 231 77 228 213 225 39 6 224 202 186 44 140 14 76 46 153 25 238 98 194 185 76 216 83 131 43 46 152 106 166 216 18 199 248 240 253 229 85 116 185 226 43 179 41 69 141 254 73 233 42 65 64 143 233 65 134 158 44 45 155 18 219 31 123 30 160 85 134 224 211 30 89 155 242 151 46
194 120 240 55 195 30 35 42 218 5 78 90 64 141 51 67 131 56 180 137 90 2 169 36 224 3 85 81 44 144 217 220 189 218 143 187 38 79 124 200 227 8 112 208 128 10 67 76 52 214 3 58 181 63 134 3 167 112 183 172 213 106 43 49 211 241 249 151 239 113 171 108 197 229 143 51 233 48 62 103 231 44 64 19 55 133 236 48 160 209 191 98 42 154 22 60 42 149 240 122
81 138 244 221 40 40 216 130 43 186 123 212 16 151 106 48 207 47 176 236 16 238 6 184 206 125 57 8 25 128 236 119 240 22 154 165 179 164 119 236 118 178 13 219 205 20 103 162 79 200 86 136 236 12 70 172 80 216 219 25 236 66 203 150 95 182 94 118 192 59 56 212 81 96 9 188 153 61 181 40 33 153 237 118 73 194 58 125 195 255 221 101 210 70 80 224 107 3 149 227
124 68 117 185 165 41 3 204 203 112 78 62 172 242 176 124 39 102 118 141 163 134 237 84 205 64 92 73 130 238 56 212 9 60 188 250 221 36 102 88 64 5 41 12 253 34 197 180 11 255 2 32 205 214 242 184 126 31 192 23 22 199 31 74 41 242 118 72 60 127 156 60 188 229 237 241 117 216 45 237 253 205 167 46 188 159 97 217 90 197 210 17 47 197 40 58 30 119 11 101
185 137 130 79 70 178 139 88 70 94 68 145 135 172 189 37 41 93 180 185 0 226 57 98 148 73 164 210 205 26 185 206 87 49 38 87 232 32 141 164 22 217 2 101 111 231 84 194 137 109 215 148 196 149 57 168 44 224 220 232 52 65 34 31 117 6 21 154 58 21 123 232 112 112 118 238 78 205 90 69 18 206 242 200 254 196 185 129 177 60 42 210 205 170 242 255 228 219 50 15
59 43 129 44 86 67 13 55 122 40 121 69 37 181 77 162 153 229 126 158 219 252 75 119 34 34 125 48 226 158 237 157 255 98 182 27 147 237 88 100 134 162 140 53 91 161 96 168 193 42 136 238 246 106 61 55 164 84 252 25 127 114 144 244 255 186 32 78 211 151 171 223 146 202 195 182 211 161 60 93 197 156 85 231 76 175 189 239 39 197 126 210 181 9 135 21 83 66 193 222
98 175 232 188 59 102 66 52 195 138 166 188 33 116 20 233 174 67 252 33 245 149 221 50 143 167 13 104 190 96 180 3 213 171 200 226 210 72 112 243 135 54 94 120 255 154 128 57 160 152 102 92 67 160 14 68 4 44 84 225 249 163 107 138 112 30 193 61 62 202 252 155 226 85 213 195 89 210 252 113 134 25 127 173 132 51 183 141 125 92 195 101 39 79 54 203 165 42 27 53
154 178 130 10 173 161 209 81 131 73 236 89 33 213 4 26 137 149 30 138 186 113 89 163 243 34 34 96 140 95 237 2 161 70 125 178 247 35 2 58 122 113 47 98 66 167 2 173 205 139 32 157 126 99 242 82 40 236 140 186 236 96 65 147 137 59 124 24 193 71 232 85 68 143 26 197 78 133 138 118 198 45 8 82 190 168 41 147 162 45 31 9 54 137 212 226 37 27 58 135
105 208 125 242 194 151 177 100 220 160 121 210 39 12 249 91 205 118 206 252 39 193 250 94 161 183 252 239 57 201 141 123 224 198 79 93 164 201 13 43 14 59 186 23 37 1 1 236 12 152 3 249 171 59 101 213 32 47 105 135 50 122 208 137 103 254 128 183 225 183 253 194 51 175 42 21 96 38 31 62 45 172 133 242 248 254 69 102 25 238 182 23 149 175 48 172 75 230 12 251
1 20 172 52 21 134 158 236 102 242 51 224 38 42 249 192 112 245 115 72 150 37 206 182 131 64 186 128 164 187 250 201 240 40 6 144 156 74 118 50 27 149 10 179 214 57 167 90 39 14 131 99 139 42 194 61 253 16 72 190 148 100 221 5 232 12 107 63 23 26 116 168 119 168 203 229 68 111 210 246 116 67 103 63 159 56 84 161 221 155 63 219 1 242 178 27 23 5 215 240
1 65 184 82 203 235 52 94 183 181 225 108 238 27 210 52 16 22 17 128 145 36 126 153 61 155 203 151 17 110 16 43 99 199 175 212 109 69 198 178 191 78 42 31 244 101 92 239 41 182 15 178 70 169 164 85 219 234 128 100 141 225 208 73 90 217 235 82 193 108 68 219 13 252 24 190 248 160 43 51 174 5 21 22 145 56 106 250 119 160 129 143 10 94 113 150 228 188 216 131
109 30 125 12 74 29 117 43 195 152 221 96 81 90 37 175 217 255 21 98 167 141 180 215 247 187 80 27 23 51 110 231 226 183 63 58 19 224 114 115 208 116 139 137 243 140 158 175 176 136 91 230 20 88 163 142 119 185 171 96 187 153 221 173 49 217 46 236 43 11 192 108 21 118 114 103 162 40 214 134 188 35 89 189 215 150 96 74 155 149 152 129 110 246 127 24 189 75 155 41
201 113 43 27 52 92 45 193 141 192 197 55 67 170 45 209 243 85 114 102 143 98 4 38 234 67 232 73 69 115 214 120 82 226 56 227 96 173 75 96 131 18 255 74 122 20 89 192 150 158 83 247 57 40 70 154 45 169 74 201 208 209 111 236 98 130 188 113 87 26 15 207 68 130 253 131 173 86 121 62 134 197 162 146 187 164 247 19 97 94 207 65 33 172 201 179 35 242 173 30
120 162 78 167 158 165 22 98 213 9 192 192 6 213 49 67 8 235 247 32 45 184 183 151 101 77 56 106 59 57 208 32 3 111 36 86 133 227 124 104 161 177 2 253 54 78 121 68 121 14 103 36 124 42 181 63 88 104 218 206 110 60 233 150 3 242 138 151 249 209 48 104 221 61 33 132 76 240 54 192 15 37 63 149 245 114 208 197 73 13 254 134 46 127 131 88 170 27 231 141
209 154 141 153 1 161 108 146 188 191 158 111 18 180 97 39 51 43 82 174 170 227 200 178 48 88 30 207 149 190 226 233 92 225 131 114 74 229 36 125 138 108 50 143 120 43 204 52 22 186 133 31 40 61 20 86 208 147 94 137 117 67 145 228 22 213 52 242 169 51 79 239 169 153 72 77 97 45 254 203 56 208 48 148 229 93 111 197 236 133 189 45 15 155 134 6 65 158 110 124
190 194 226 193 201 15 232 181 122 198 217 9 60 215 104 152 42 229 107 208 22 51 60 146 50 193 168 220 84 183 183 253 220 27 41 184 72 28 130 50 138 99 224 154 85 17 202 104 195 34 199 172 77 248 24 184 227 137 94 112 94 104 64 158 145 56 131 171 36 58 142 250 226 122 121 137 140 220 41 231 244 236 171 85 73 203 191 191 1 248 129 195 198 233 102 99 153 254 206 201
114 221 42 139 199 40 8 127 222 101 2 121 128 229 184 234 207 129 205 43 45 91 24 193 89 156 146 121 167 70 161 208 183 197 215 105 160 44 47 137 227 23 159 118 202 199 245 56 39 151 9 176 45 183 78 139 193 160 204 121 70 229 186 224 202 31 244 7 223 43 78 165 79 25 149 86 219 50 159 173 209 114 6 251 110 208 110 86 254 68 203 37 74 73 243 207 141 108 7 7
232 134 65 30 200 114 82 157 118 234 104 51 117 23 44 237 117 86 190 114 11 234 235 167 11 4 231 27 135 71 127 110 156 90 123 123 77 211 0 191 92 71 117 246 62 215 180 105 43 90 255 88 83 34 96 76 49 12 245 81 181 123 234 33 125 53 97 222 48 212 42 20 31 178 8 128 234 163 132 80 39 166 144 85 29 13 77 248 66 182 73 246 208 214 85 103 4 204 254 21
216 105 62 147 122 121 195 25 64 81 11 51 66 201 213 29 132 68 18 240 195 60 34 145 118 8 227 67 247 65 98 86 174 103 200 71 25 200 81 92 206 129 94 221 7 249 214 87 205 251 10 60 116 23 0 55 46 113 192 136 54 204 13 188 225 248 250 59 81 205 145 250 115 117 4 147 84 25 19 44 244 101 241 48 47 29 105 45 106 55 25 217 65 126 87 104 75 195 38 66
87 81 202 77 139 90 152 136 86 242 101 13 145 40 79 227 93 207 38 14 203 38 189 12 47 195 26 148 105 2 14 38 16 162 243 248 30 183 181 73 112 58 101 120 55 24 38 62 56 228 150 207 130 58 211 57 80 89 208 95 161 244 151 177 90 200 185 105 79 46 231 101 18 144 90 52 50 72 209 191 195 60 190 253 29 238 102 228 241 113 130 47 183 17 94 171 177 46 108 88
252 144 69 240 6 104 0 124 214 60 216 9 3 10 216 101 35 111 216 232 184 72 254 174 127 228 1 28 3 240 67 28 8 114 241 25 143 194 185 3 183 43 199 234 218 154 92 37 197 11 235 83 82 32 91 182 227 25 74 209 95 127 171 39 43 63 156 246 19 92 180 252 111 87 251 172 21 175 146 59 17 2 214 54 140 38 235 24 165 80 246 188 62 101 202 246 229 108 179 228
187 160 81 249 243 207 244 9 23 244 126 6 122 190 225 114 184 216 22 163 199 116 115 118 26 75 135 200 131 137 127 217 190 72 157 72 24 131 9 37 194 83 163 243 234 222 149 215 5 12 194 64 131 233 45 161 218 87 74 226 201 21 103 97 90 71 19 92 194 29 13 205 26 217 209 5 124 131 53 135 230 213 82 134 142 238 247 151 125 89 211 177 232 108 203 244 95 101 165 178
70 93 159 28 130 196 136 94 22 48 242 84 179 18 107 194 2 193 175 123 250 142 204 168 156 255 122 16 125 232 248 200 115 32 57 173 42 23 44 211 15 65 31 64 126 167 180 138 66 129 165 18 146 33 88 5 250 127 31 120 136 92 78 153 101 111 145 170 199 139 24 166 230 228 34 228 230 93 221 60 28 144 157 233 217 86 242 215 55 88 13 126 62 148 8 229 210 19 249 106
33 190 183 53 254 23 150 188 21 150 82 27 42 178 47 105 96 148 216 124 189 69 155 116 1 113 51 25 88 4 37 30 73 211 33 162 206 84 82 178 15 160 175 61 61 108 129 2 118 108 88 17 245 103 182 25 17 63 227 118 45 213 60 212 46 250 229 82 175 190 66 13 103 102 13 201 194 34 116 177 75 210 6 91 106 151 74 104 96 178 134 49 12 250 247 100 53 91 39 44
90 116 78 54 150 154 234 182 55 164 219 167 202 193 202 147 204 8 138 108 62 51 150 126 250 61 144 226 64 81 196 225 55 219 16 110 80 198 230 173 52 121 178 103 72 111 63 141 61 189 11 129 119 46 209 122 87 186 189 18 60 42 98 181 122 71 96 100 61 140 229 206 144 244 87 102 104 92 171 51 178 243 5 136 218 67 55 62 129 110 229 61 147 162 252 30 45 6 160 31
76 114 47 62 64 38 32 255 23 213 34 79 175 84 44 187 4 247 9 222 221 179 116 51 93 243 213 85 186 153 201 25 186 118 74 77 0 43 62 105 221 164 54 248 13 47 35 146 224 65 139 67 115 100 71 213 224 178 28 173 5 97 44 181 39 1 137 104 151 51 20 223 22 179 168 213 93 213 174 155 84 238 68 179 112 123 197 223 190 144 164 249 21 106 239 50 53 73 218 229
238 227 103 219 79 214 11 163 132 95 180 112 218 210 118 152 201 123 8 3 167 67 142 21 244 221 168 189 55 104 95 173 71 26 14 204 147 15 245 148 224 233 137 98 47 248 200 183 40 37 226 140 97 251 137 106 140 156 115 102 133 60 146 161 79 35 117 165 149 54 103 67 96 107 6 163 64 117 70 236 117 101 202 135 33 250 165 75 203 188 183 86 97 28 231 90 126 99 144 170
167 84 150 1 18 214 123 10 205 167 147 25 180 137 147 129 29 176 253 210 255 125 119 72 9 20 200 70 154 143 133 209 211 3 80 159 175 158 4 93 103 195 245 126 223 112 11 190 114 170 249 106 49 157 105 16 129 181 61 147 181 123 202 237 4 108 52 9 186 143 82 228 137 220 149 72 179 105 111 199 46 180 164 140 214 140 56 34 80 246 154 239 103 23 239 68 104 105 142 32
47 194 213 94 218 177 57 30 230 147 91 179 86 253 231 62 134 175 223 28 129 1 74 88 65 51 119 112 58 141 125 119 7 201 135 87 177 196 74 102 53 129 243 250 41 149 209 144 5 206 226 107 110 152 77 177 71 35 124 228 181 206 31 194 87 85 214 234 245 77 116 190 107 157 228 92 29 106 160 57 199 103 73 10 172 137 73 8 202 239 141 100 146 202 209 128 60 179 91 192
139 98 115 91 141 188 240 240 20 9 241 80 88 43 243 38 124 217 27 138 126 127 159 104 236 51 251 35 34 49 238 83 194 206 92 76 182 10 76 81 110 42 193 6 182 245 83 12 91 179 239 63 22 23 101 164 127 50 147 84 18 104 208 100 207 17 171 73 61 46 239 207 157 73 183 240 120 224 67 4 131 115 168 178 204 129 6 15 177 230 27 46 186 107 152 189 246 239 58 94
44 231 56 104 145 198 114 181 22 179 74 40 143 166 238 218 12 78 213 104 32 191 4 193 172 160 201 183 158 219 245 46 147 64 139 14 68 139 244 22 115 21 169 38 33 103 119 154 247 108 92 206 238 185 221 141 101 164 34 142 149 179 193 146 179 7 154 74 89 225 26 102 109 209 227 186 99 236 131 28 168 92 7 66 146 165 7 239 196 109 111 81 169 136 60 97 252 135 177 208
207 231 194 50 98 20 185 91 241 95 25 178 6 210 44 240 180 239 240 161 101 146 129 10 158 171 203 87 126 217 138 233 13 253 147 226 224 168 166 19 44 89 35 73 22 254 223 226 94 235 138 220 176 96 43 116 93 32 161 81 206 42 236 7 194 145 205 128 249 55 82 19 213 32 175 78 93 172 1 29 164 252 141 231 244 189 135 64 242 26 196 111 137 186 58 38 136 154 50 231
219 210 247 102 239 0 235 187 72 149 4 112 20 121 74 19 19 148 221 80 28 213 138 245 34 1 109 54 202 54 199 15 172 84 118 109 123 250 175 209 150 22 31 252 164 118 208 204 3 97 45 107 139 38 157 173 127 170 4 175 173 88 203 197 135 209 115 110 44 83 66 173 236 67 215 119 251 205 43 74 176 72 12 51 22 58 207 195 208 33 243 248 83 211 128 203 162 228 205 205
180 228 6 32 76 84 120 191 239 70 81 250 135 9 159 57 44 198 150 20 37 96 200 196 154 171 239 81 1 197 113 45 143 5 180 133 233 82 248 44 27 82 46 54 121 170 252 112 243 213 170 11 255 84 213 159 172 215 12 13 8 172 250 203 96 243 246 125 155 4 163 23 39 88 139 161 89 72 197 190 85 198 232 17 133 56 149 126 245 110 136 27 127 134 177 101 60 29 10 120
46 173 102 193 67 15 126 22 79 105 135 8 188 238 217 65 24 72 79 234 124 238 87 181 210 140 142 243 249 150 108 206 66 198 45 135 101 161 118 161 100 23 7 109 193 59 34 20 121 228 91 162 102 51 249 163 184 193 228 205 51 156 235 44 4 13 15 99 67 203 219 255 221 8 231 250 5 174 35 143 31 129 39 208 145 232 141 51 77 211 26 15 73 101 117 144 141 215 114 109
187 26 107 48 146 58 75 59 40 137 25 229 7 174 149 78 26 37 200 183 199 121 62 106 170 245 130 95 197 213 223 222 120 38 101 222 252 194 103 83 136 151 73 90 26 173 135 246 75 221 13 30 39 87 13 248 190 131 36 222 250 26 178 173 234 69 127 56 155 218 187 217 156 170 94 69 71 176 20 137 18 161 114 215 95 14 125 219 180 253 68 76 235 243 168 179 48 243 216 117
76 188 127 234 142 226 244 156 159 169 222 199 10 18 5 115 63 12 114 173 108 219 130 199 160 175 20 21 7 229 155 239 239 235 238 3 216 203 109 156 243 184 247 80 253 46 104 105 79 106 124 76 232 79 156 200 169 10 163 156 29 84 18 0 206 150 38 229 32 159 50 191 114 49 40 115 18 94 139 36 29 250 241 135 200 247 188 211 96 86 8 47 224 50 9 126 66 17 191 128
9 91 102 144 183 150 170 223 75 191 104 20 131 238 173 159 188 60 72 188 252 148 151 0 225 87 158 186 76 52 91 60 95 33 27 127 165 77 139 102 14 67 153 244 98 135 95 16 247 137 132 205 97 126 204 216 204 132 46 123 18 189 157 24 246 157 224 85 38 219 10 117 37 124 38 248 19 53 118 125 183 245 170 100 46 54 145 22 238 157 157 254 207 168 251 124 107 179 154 170
145 35 32 197 52 59 75 58 135 137 137 163 93 86 131 57 140 63 114 182 82 76 142 139 202 138 161 47 136 63 168 146 123 152 70 45 144 100 14 136 212 255 200 102 55 40 10 208 35 74 27 12 41 73 182 109 104 183 31 198 205 110 49 88 115 209 24 9 165 28 108 6 197 177 50 24 143 125 200 253 22 173 161 88 21 170 7 50 70 78 217 112 60 103 24 206 30 54 195 185
38 86 234 24 29 244 203 243 91 244 226 3 226 158 5 101 173 212 241 155 197 246 89 205 5 90 188 8 99 23 119 87 20 219 218 217 1 39 95 53 106 198 112 169 172 139 34 79 86 252 192 13 21 120 176 79 83 22 198 69 89 255 123 146 195 217 153 174 182 173 115 57 96 128 235 167 18 192 109 51 55 44 226 110 60 204 6 245 131 238 181 225 25 247 15 102 20 14 77 186
234 126 199 207 40 101 82 173 83 252 177 35 133 55 118 249 66 38 188 171 226 82 144 214 157 52 148 172 35 121 154 235 35 85 73 90 222 116 113 242 239 239 135 52 89 240 61 185 94 144 254 194 168 52 137 104 77 46 90 190 185 212 61 65 250 234 95 211 229 109 126 196 63 110 160 252 42 39 178 67 170 109 45 133 159 109 28 200 127 224 71 184 206 21 82 74 44 122 113 63
172 215 105 140 20 119 126 22 81 127 118 191 66 56 118 20 184 57 186 202 45 50 196 218 208 203 204 157 255 208 208 23 78 161 49 9 83 202 43 36 6 41 252 170 50 197 212 86 42 254 141 214 179 98 252 207 135 63 168 69 42 149 116 251 153 156 202 83 50 208 208 141 80 32 8 237 120 214 224 247 238 183 101 67 81 217 172 97 176 37 193 243 32 182 1 7 183 140 196 173
93 205 103 142 57 83 194 98 223 252 64 195 29 103 159 95 88 19 53 119 137 6 170 56 219 82 23 111 63 229 105 5 157 26 217 152 58 242 142 178 206 156 153 176 25 79 180 156 31 14 165 235 141 80 126 238 66 237 159 31 4 221 6 211 19 94 52 236 205 236 175 53 237 69 1 108 216 63 165 20 143 16 138 164 230 18 199 8 210 38 188 97 187 202 97 168 137 52 192 104
51 36 23 82 14 86 128 246 197 44 178 242 221 189 8 212 57 183 28 230 181 174 179 194 208 149 20 113 210 208 17 201 145 151 153 3 181 159 138 205 44 64 246 110 32 135 192 111 159 48 12 89 169 25 102 16 213 179 184 88 1 25 129 133 17 51 120 20 214 94 10 224 138 58 235 87 153 74 182 37 58 130 117 235 120 165 250 215 60 162 96 234 117 123 127 194 139 97 91 35
230 90 222 209 101 22 184 241 87 18 113 115 22 158 11 206 4 62 135 225 138 16 123 206 177 79 202 137 133 10 202 205 123 162 221 224 174 33 251 76 185 5 12 139 91 34 131 53 172 113 10 33 127 9 38 67 207 36 189 136 83 85 252 53 35 34 80 251 138 163 247 213 197 59 43 56 12 168 128 65 102 89 250 229 98 167 152 39 135 181 193 2 255 86 20 26 67 90 31 44
210 93 54 219 83 177 56 159 40 201 48 158 13 122 30 50 148 214 171 53 126 24 19 39 70 225 9 189 128 68 34 202 124 228 10 129 107 0 34 45 64 117 230 216 157 41 28 108 42 201 201 192 34 80 199 151 20 73 86 36 86 11 196 179 200 229 190 4 42 223 135 216 98 80 126 3 46 79 91 250 155 248 126 43 78 126 62 118 120 64 52 174 169 235 165 183 22 37 73 96
11 205 196 115 212 119 50 48 156 236 202 177 68 158 159 168 139 228 46 115 143 211 186 162 134 55 118 41 114 22 138 103 43 185 152 49 2 137 130 64 84 6 100 145 107 51 31 135 187 106 86 230 230 83 231 80 231 42 165 207 1 239 47 107 89 253 198 231 74 205 253 114 241 162 173 161 249 18 91 169 188 53 180 148 4 120 226 139 233 148 36 102 203 115 148 239 54 26 157 187
177 189 240 65 119 96 34 6 8 144 144 56 213 92 207 58 101 50 147 209 237 2 163 0 79 161 7 246 80 198 152 183 120 226 116 200 59 83 78 97 8 99 88 28 200 243 118 142 114 103 43 130 21 147 101 166 236 202 149 98 217 247 5 164 222 182 226 69 173 91 106 42 66 113 170 142 17 61 2 87 126 83 198 190 235 254 128 195 73 28 93 249 129 193 162 156 39 210 201 33
45 219 132 198 87 186 96 185 175 215 108 72 179 251 210 14 27 119 61 92 121 121 246 250 230 12 191 115 122 115 176 52 243 199 117 11 238 120 195 31 47 59 61 29 20 105 179 167 24 14 14 174 2 242 70 218 65 153 127 23 33 5 116 126 211 86 154 144 107 214 252 1 224 229 220 207 183 234 187 53 250 77 224 144 218 157 251 22 173 10 104 91 68 75 70 115 79 1 174 10
23 124 215 251 56 59 229 215 129 108 234 45 2 134 13 218 172 39 181 220 96 246 37 125 28 162 222 45 73 174 148 9 230 58 131 165 164 132 108 152 219 188 13 86 120 132 32 133 94 24 200 96 191 69 87 190 150 40 207 145 204 151 192 13 139 246 189 23 104 48 44 133 255 113 226 41 108 232 169 22 161 75 199 39 116 198 215 69 84 179 43 68 131 5 33 32 187 149 38 115
228 114 155 81 241 138 231 109 203 153 26 63 207 224 94 51 148 90 44 29 108 80 48 145 166 110 188 20 230 176 239 31 127 14 66 254 248 236 23 208 148 143 199 245 83 31 150 1 34 11 99 249 158 192 255 149 57 64 49 134 236 11 147 62 206 32 151 230 23 245 197 56 188 141 140 253 59 219 206 25 151 27 225 244 44 52 175 46 225 115 252 65 199 87 196 133 151 126 19 205
121 144 41 178 165 210 171 241 226 65 110 93 97 1 2 191 172 64 78 182 100 115 211 14 242 89 54 173 43 150 26 218 156 66 38 117 71 224 178 97 104 177 225 61 116 248 107 221 115 224 237 119 80 204 103 168 82 234 65 84 92 8 25 163 225 71 122 178 221 86 132 58 178 19 187 101 116 62 166 186 227 162 50 161 13 62 149 226 178 145 187 167 65 138 213 168 221 37 100 227
13 193 238 72 74 239 227 57 72 174 127 19 233 147 154 130 121 143 123 222 166 187 166 184 241 114 174 49 176 154 3 114 211 94 174 28 3 135 164 131 182 101 208 106 1 1 207 189 97 57 80 41 192 254 83 237 198 247 126 166 160 78 246 217 32 12 111 143 74 224 133 32 8 57 46 200 107 241 206 222 217 88 208 158 149 135 116 213 190 114 206 60 103 110 189 107 118 220 172 109
141 187 240 0 250 184 44 29 175 69 229 94 255 96 7 205 201 55 63 84 122 145 52 224 121 172 193 83 105 158 193 54 145 56 79 41 173 207 162 58 80 77 43 80 53 224 65 62 99 222 101 178 16 27 35 249 50 24 186 226 248 51 140 115 84 226 100 136 89 182 233 125 173 73 102 64 243 229 187 55 252 148 3 208 192 127 205 28 65 235 131 127 245 167 13 167 21 209 105 24
242 130 67 23 129 15 159 112 25 199 46 38 231 201 220 172 27 199 180 8 238 200 185 203 83 213 144 116 224 102 54 252 198 133 183 23 71 189 255 245 207 136 129 170 39 48 209 48 125 43 77 152 90 86 12 120 84 154 116 146 153 32 124 38 79 64 91 161 68 229 100 105 48 206 90 138 221 108 160 167 210 67 35 69 91 196 234 154 54 186 163 78 80 105 31 72 81 252 210 135
25 196 153 231 74 85 187 126 255 247 55 35 69 47 138 167 200 188 69 75 188 212 109 25 216 53 145 6 35 32 163 120 16 1 229 42 138 170 35 47 84 149 223 230 77 54 209 30 67 36 49 81 3 122 95 55 45 169 118 212 120 150 218 117 39 99 190 79 20 170 253 55 150 60 163 94 1 111 203 108 57 177 102 45 85 205 123 175 94 67 18 27 240 178 230 230 48 62 127 233
3 3
0 2 2
1 1 -2
0 -2 -2
