269 5
498 7
188 10
483 7
398 3
214 8
300 1
389 8
331 6
8 1
125 7
286 4
407 1
382 1
199 1
81 1
309 1
348 4
296 9
486 2
77 10
285 7
156 3
122 7
278 8
125 4
350 8
97 5
415 3
480 8
394 3
122 2
157 6
236 7
326 8
304 10
163 9
11 4
313 8
482 10
179 3
288 6
401 7
343 10
253 7
243 4
455 10
193 7
189 9
169 7
214 8
289 5
88 8
489 2
108 2
2 4
199 5
47 8
424 8
299 3
236 7
434 1
144 2
229 4
378 7
433 5
416 5
360 10
230 3
58 8
421 2
225 3
466 4
453 7
97 2
54 1
274 10
54 1
265 5
338 6
484 5
143 6
404 1
9 3
433 4
481 7
255 2
434 8
446 10
216 4
394 1
41 6
154 3
21 4
300 2
270 2
23 5
246 8
89 6
391 8
