479 3
299 10
92 10
170 1
37 1
80 8
220 1
130 1
103 5
334 5
1 3
239 3
123 10
299 2
151 2
313 1
232 3
175 7
306 10
235 4
42 5
315 6
311 2
266 2
404 6
176 2
223 1
443 9
262 2
31 3
197 2
472 1
15 5
267 10
108 6
377 10
204 10
36 6
126 9
272 7
494 4
49 2
134 8
149 8
74 6
43 6
78 10
245 1
33 1
381 1
196 10
482 10
281 2
495 3
334 4
76 9
419 7
240 10
439 8
44 8
375 5
103 4
258 2
389 10
432 4
378 7
480 10
296 3
45 7
327 6
98 7
197 10
299 7
86 2
232 5
15 2
238 8
435 3
35 1
110 10
201 7
193 10
321 1
112 9
210 8
399 7
160 10
63 1
496 6
31 8
424 6
324 5
488 9
219 3
71 1
110 4
245 1
203 7
156 1
431 5
62 6
260 7
