121 1
486 7
243 10
260 3
160 9
437 10
250 2
140 5
143 3
355 1
200 7
333 7
239 2
332 7
195 5
467 2
76 9
120 4
435 4
341 5
65 7
263 3
13 1
61 10
414 10
252 7
482 5
71 8
160 6
258 6
126 1
119 10
476 9
5 3
332 5
242 10
225 4
136 3
407 10
288 2
13 9
34 3
51 6
180 6
354 2
330 4
321 4
198 1
155 4
11 5
412 2
194 1
108 7
11 6
490 5
336 1
152 1
326 5
41 8
146 1
129 4
208 1
28 3
192 3
93 8
132 10
444 2
195 7
479 3
114 1
92 2
280 2
1 7
132 7
240 7
490 4
357 10
127 8
369 1
36 8
324 8
88 8
331 10
356 5
63 6
334 2
340 10
46 5
267 1
217 3
231 3
88 7
418 7
280 3
98 2
317 5
145 7
70 4
423 4
120 3
187 6
310 6
305 3
414 7
16 4
239 8
53 8
24 2
