306 1
162 2
126 8
50 7
448 3
344 10
430 5
56 6
389 8
338 8
74 8
341 10
77 1
498 5
270 4
367 6
470 6
90 10
19 2
364 1
104 1
222 9
47 6
423 1
76 6
102 8
401 6
413 5
317 6
168 3
405 6
324 3
365 3
181 9
144 2
80 7
85 7
147 3
95 1
451 8
260 4
266 2
50 9
305 4
114 1
246 4
287 7
8 4
285 4
67 9
325 4
52 8
35 8
430 2
163 2
23 1
473 4
50 8
420 5
479 9
374 1
165 2
480 10
106 7
71 5
474 10
246 8
84 7
146 4
233 9
323 3
105 6
265 9
418 9
216 8
40 3
281 6
325 7
276 2
48 3
359 4
427 4
472 10
90 10
178 4
226 8
267 5
471 2
2 9
465 1
460 3
125 10
347 7
156 7
307 7
260 6
8 10
326 8
473 2
408 7
163 3
8 6
384 3
136 7
342 1
388 9
32 3
208 8
42 4
272 7
239 10
405 6
471 9
360 9
422 9
211 5
423 1
139 10
5 10
