467 9
276 6
500 3
235 4
498 9
343 7
65 7
205 9
371 6
209 4
487 7
200 5
379 5
139 1
158 1
114 6
106 5
300 8
165 2
91 7
78 5
47 3
374 3
190 8
77 9
205 7
210 5
292 3
303 8
243 2
39 7
471 8
414 6
340 2
416 9
310 6
165 3
345 3
149 9
288 6
220 4
171 7
470 3
446 4
4 10
277 5
231 2
401 1
281 6
327 7
496 6
132 9
361 1
134 6
23 6
151 3
393 6
440 9
62 1
29 3
476 1
347 7
363 1
162 9
62 3
57 9
185 4
239 4
70 10
53 7
284 2
412 9
472 8
220 1
135 3
442 8
130 7
452 10
266 10
375 2
1 2
375 10
399 3
417 5
497 3
251 6
290 6
302 6
297 3
66 1
435 1
127 8
66 5
79 5
70 3
440 8
271 8
403 1
399 5
148 9
445 6
