105 4
145 3
455 10
218 8
294 4
472 7
212 7
400 10
354 5
152 4
484 4
88 8
275 7
195 6
371 1
451 1
168 7
403 3
187 4
435 10
297 2
500 9
118 3
366 2
133 9
62 3
340 4
433 1
343 5
160 3
369 6
181 1
181 3
267 1
276 2
305 3
496 2
195 3
240 10
483 1
34 8
191 2
13 5
498 3
174 4
87 1
76 10
174 1
314 8
209 6
375 7
291 10
308 10
401 1
121 8
91 9
342 6
412 2
153 8
285 10
285 10
134 3
96 7
280 6
212 4
167 9
89 7
63 9
178 8
194 1
92 4
227 2
256 7
409 8
135 1
188 7
461 1
326 10
474 9
395 6
263 5
150 2
359 5
176 7
374 1
167 1
194 5
358 8
111 4
1 5
333 3
463 8
274 2
20 7
