254 10
272 6
437 7
377 1
100 2
457 9
14 10
58 9
486 6
166 2
367 2
289 9
405 2
448 2
168 7
162 3
57 4
425 2
239 4
315 4
401 2
314 10
37 9
366 8
317 3
381 5
71 4
448 8
266 7
223 2
286 3
174 3
389 5
42 4
253 3
421 10
471 1
431 9
170 8
205 2
487 4
376 3
489 3
494 1
206 2
278 7
107 9
436 2
138 9
374 9
200 2
30 10
458 5
252 6
121 5
42 6
11 8
276 3
294 1
256 9
369 5
356 8
140 6
213 7
233 6
30 4
340 6
406 9
341 7
267 1
158 1
76 4
317 3
381 10
465 7
340 5
185 8
256 9
451 4
450 5
208 4
232 6
489 1
266 8
166 8
194 4
360 9
263 9
282 5
76 7
37 8
210 5
386 1
166 3
334 10
433 2
457 3
3 3
394 5
227 9
204 1
428 7
112 4
75 8
155 4
