233 10
115 5
214 7
254 9
195 3
288 7
90 3
390 5
343 7
96 7
146 10
132 3
476 1
334 5
16 2
310 1
52 5
27 10
470 2
228 2
90 5
355 1
169 3
492 1
471 6
268 10
94 2
66 9
343 5
9 2
365 3
462 5
34 6
119 4
473 3
254 4
366 10
65 10
97 3
464 1
410 9
314 10
166 6
304 6
82 3
160 2
88 4
276 1
71 5
211 6
120 5
388 1
298 10
429 3
48 4
239 10
199 4
310 9
306 2
330 6
257 2
428 1
132 1
73 5
125 8
41 1
473 7
472 7
313 2
300 3
132 3
316 9
305 2
97 9
424 2
248 8
175 6
167 3
5 6
150 7
4 4
273 8
443 9
138 8
138 4
424 6
368 2
138 6
185 6
115 2
445 5
138 10
271 4
232 9
83 6
250 1
423 6
