76 45
239 41
326 39
266 39
138 37
360 36
88 35
343 34
472 33
258 33
132 33
389 31
285 31
90 31
34 31
314 30
160 30
433 29
195 29
125 29
480 28
471 28
445 28
112 28
440 27
394 27
340 27
330 27
240 27
96 27
1 27
473 26
334 26
127 26
482 25
430 25
304 25
256 25
250 25
233 25
200 25
498 24
474 24
435 24
375 24
97 24
65 24
50 24
5 24
414 23
254 23
232 23
214 23
193 23
71 23
11 23
455 22
451 22
424 22
341 22
310 22
299 22
276 22
8 22
418 21
407 21
288 21
281 21
272 21
167 21
421 20
405 20
366 20
356 20
260 20
246 20
216 20
189 20
106 20
92 20
77 20
423 19
374 19
367 19
166 19
42 19
2 19
487 18
463 18
443 18
359 18
303 18
267 18
210 18
205 18
199 18
185 18
126 18
37 18
437 17
401 17
317 17
294 17
263 17
211 17
196 17
188 17
168 17
153 17
149 17
139 17
134 17
74 17
70 17
58 17
47 17
448 16
406 16
381 16
342 16
331 16
324 16
265 16
243 16
91 16
63 16
45 16
486 15
484 15
479 15
399 15
278 15
146 15
129 15
108 15
80 15
78 15
66 15
53 15
41 15
35 15
13 15
496 14
446 14
431 14
432 14
419 14
416 14
378 14
347 14
338 14
306 14
302 14
300 14
289 14
236 14
170 14
163 14
162 14
121 14
119 14
110 14
36 14
30 14
4 14
412 13
327 13
290 13
286 13
252 13
208 13
187 13
181 13
175 13
174 13
120 13
89 13
62 13
57 13
52 13
500 12
470 12
457 12
369 12
332 12
345 12
309 12
305 12
296 12
275 12
274 12
271 12
209 12
197 12
178 12
158 12
85 12
67 12
61 12
46 12
24 12
23 12
492 11
476 11
467 11
377 11
325 11
313 11
280 11
227 11
212 11
204 11
194 11
156 11
140 11
31 11
17 11
494 10
452 10
415 10
400 10
388 10
357 10
333 10
344 10
315 10
308 10
298 10
291 10
268 10
259 10
253 10
242 10
201 10
169 10
145 10
136 10
123 10
105 10
59 10
44 10
27 10
14 10
495 9
490 9
488 9
453 9
422 9
434 9
410 9
373 9
348 9
316 9
269 9
222 9
220 9
176 9
155 9
154 9
150 9
148 9
143 9
133 9
122 9
114 9
107 9
103 9
98 9
69 9
497 8
483 8
465 8
449 8
442 8
439 8
428 8
409 8
391 8
358 8
350 8
312 8
273 8
261 8
248 8
238 8
235 8
226 8
218 8
190 8
130 8
102 8
93 8
75 8
481 7
456 7
404 7
408 7
383 7
371 7
354 7
307 7
287 7
257 7
225 7
219 7
213 7
207 7
203 7
171 7
165 7
115 7
84 7
48 7
39 7
20 7
15 7
489 6
395 6
393 6
397 6
386 6
365 6
270 6
251 6
245 6
180 6
173 6
157 6
113 6
83 6
73 6
56 6
51 6
43 6
16 6
469 5
462 5
458 5
450 5
438 5
420 5
417 5
413 5
390 5
379 5
321 5
297 5
277 5
282 5
234 5
231 5
152 5
151 5
79 5
68 5
25 5
9 5
491 4
475 4
466 4
427 4
403 4
229 4
186 4
161 4
144 4
135 4
111 4
99 4
21 4
460 3
429 3
376 3
384 3
398 3
364 3
323 3
292 3
230 3
223 3
217 3
192 3
179 3
147 3
118 3
86 3
82 3
40 3
32 3
29 3
28 3
3 3
478 2
444 2
436 2
425 2
355 2
368 2
311 2
295 2
284 2
262 2
255 2
228 2
206 2
191 2
100 2
94 2
54 2
49 2
19 2
464 1
461 1
361 1
382 1
363 1
336 1
198 1
104 1
95 1
87 1
81 1
33 1
