43 3
118 1
82 7
41 6
19 9
16 8
44 8
88 8
121 7
179 9
101 7
33 3
158 10
110 3
159 1
72 5
61 9
66 4
43 3
73 9
39 1
150 6
4 6
55 2
110 2
84 6
166 6
63 2
134 1
11 3
97 10
30 7
148 7
177 2
146 9
191 7
88 2
62 3
136 8
50 1
111 1
55 1
127 4
131 10
171 8
5 1
183 1
181 6
18 9
126 9
164 6
183 6
11 8
184 4
86 3
30 4
32 9
62 10
61 4
44 9
16 5
54 2
161 8
22 4
41 6
102 5
95 1
80 8
111 2
20 9
39 9
55 4
14 9
91 3
36 6
181 9
103 9
124 9
124 8
130 2
158 7
175 8
140 7
114 7
58 2
82 3
29 9
2 2
125 8
143 10
13 3
26 5
9 1
170 8
146 2
166 3
111 3
88 7
196 3
26 2
199 8
165 7
165 10
57 5
186 8
