4 10
134 5
153 8
85 7
93 10
39 2
194 2
22 8
193 9
177 5
133 7
83 1
141 1
1 7
91 8
93 5
113 2
85 8
200 6
181 2
85 5
21 2
109 10
69 4
100 2
169 6
54 7
78 7
187 9
100 10
11 8
88 4
102 7
196 9
18 5
32 9
10 2
185 9
84 5
166 10
126 7
75 1
129 9
10 6
191 7
177 9
87 5
58 9
121 4
38 2
56 4
190 5
161 5
167 2
126 10
171 5
186 2
188 9
79 9
175 3
71 6
93 7
92 10
21 1
124 4
52 7
159 1
62 10
52 7
32 6
20 1
89 10
52 6
30 4
170 5
199 7
65 2
190 10
101 9
145 1
101 8
27 3
59 4
113 1
154 1
146 4
64 4
112 1
3 9
30 10
109 4
98 5
131 9
58 2
