15 6
56 3
95 6
145 9
131 8
46 7
107 6
133 2
107 6
4 9
53 7
198 5
29 5
32 1
37 5
67 6
168 4
138 3
103 7
117 10
188 10
70 8
34 8
145 4
38 1
6 8
4 7
3 8
167 4
147 1
93 6
41 10
194 5
58 4
163 8
48 4
2 5
49 10
172 3
97 3
75 4
25 9
152 6
144 1
71 5
125 3
144 3
200 1
180 10
169 2
96 6
8 5
81 5
124 9
68 3
64 6
36 3
118 6
66 1
28 9
195 8
65 3
78 3
197 3
59 1
113 1
166 9
70 1
188 7
186 8
126 6
172 6
156 1
145 10
61 2
92 3
172 8
143 7
118 2
63 4
14 10
152 3
176 2
158 3
29 1
52 4
145 1
28 8
188 5
53 8
90 5
42 4
51 10
97 4
81 3
59 10
98 6
33 10
158 8
119 9
