181 4
192 6
94 1
62 1
29 1
158 5
72 1
160 10
42 9
41 9
44 5
129 3
118 5
15 4
187 5
150 10
26 9
115 8
55 7
91 4
37 3
101 3
45 2
198 7
159 5
93 10
156 9
171 8
41 2
168 9
128 2
161 6
19 4
31 6
85 3
111 7
44 4
3 10
79 2
33 8
46 4
92 5
100 6
161 4
64 4
140 9
93 3
59 1
121 8
111 8
156 8
125 9
68 2
44 6
125 8
43 10
97 10
70 1
197 1
49 8
56 1
14 6
183 2
39 4
56 9
87 2
167 1
164 5
84 4
170 4
152 2
137 10
169 1
192 7
95 4
158 1
57 10
42 1
112 2
25 5
43 6
172 3
119 7
95 1
193 9
199 1
198 2
185 10
140 4
46 9
25 7
5 10
68 6
96 1
113 1
184 4
33 1
134 7
78 8
192 2
133 2
182 3
92 6
138 1
35 3
108 10
69 4
186 1
55 8
33 9
179 8
35 9
136 2
72 4
181 6
19 10
140 8
180 5
107 5
