75 6
112 7
44 2
131 4
64 7
165 3
157 1
174 6
115 5
161 2
46 7
42 2
145 8
100 3
42 1
90 1
121 10
16 2
69 9
11 7
11 9
133 8
15 1
170 10
74 2
40 8
20 9
124 5
75 8
182 9
17 10
184 10
132 6
44 3
102 5
170 1
111 10
173 6
132 2
68 2
159 2
68 7
192 5
75 8
134 4
126 4
59 6
161 9
144 8
73 5
177 8
64 3
145 2
34 7
93 2
152 10
62 9
185 2
109 1
71 1
111 2
128 10
54 4
28 7
13 7
169 9
61 3
94 5
126 8
143 6
146 10
186 2
157 4
41 10
38 8
129 7
114 7
10 8
137 3
137 2
47 5
24 5
64 8
69 4
28 9
174 3
10 9
116 1
153 9
77 6
98 5
112 5
114 7
104 6
138 5
27 1
191 2
159 7
19 9
33 10
154 6
113 4
