156 10
143 8
105 1
92 10
100 2
125 1
138 2
91 8
9 2
113 4
190 9
85 3
124 4
115 8
180 6
157 5
34 9
31 8
186 8
57 2
53 1
115 1
90 5
25 4
66 4
63 8
115 9
180 9
39 9
92 5
101 1
56 5
82 2
32 8
183 3
55 1
149 5
67 9
165 8
111 9
77 3
152 1
143 6
197 5
175 9
47 7
32 8
106 9
66 1
49 5
106 2
47 3
20 2
180 2
14 4
23 6
14 4
184 9
111 6
25 10
31 3
76 1
114 9
79 2
42 1
111 4
75 4
18 8
192 5
101 4
2 1
119 2
63 6
180 3
26 9
18 7
17 2
117 7
21 1
70 10
197 6
162 4
66 2
92 1
13 7
62 7
36 5
140 6
104 9
66 6
3 7
167 6
103 6
61 1
63 10
2 1
120 6
6 8
92 5
21 3
177 6
