176 10
157 8
4 7
57 3
165 8
122 3
57 6
169 1
62 6
56 9
188 10
143 8
81 1
144 2
180 5
80 6
44 4
23 3
38 8
154 5
41 6
34 1
12 2
131 4
121 9
186 9
82 2
86 4
9 6
38 1
82 2
194 6
46 7
59 7
15 2
69 7
50 6
117 1
190 3
26 4
107 4
39 4
161 7
68 5
94 10
90 9
178 8
154 4
146 8
2 10
145 1
131 7
122 10
16 7
59 7
132 9
195 7
22 7
171 5
104 7
67 1
153 3
12 8
139 2
87 6
138 2
49 6
108 9
95 2
20 2
25 10
93 2
153 2
92 1
179 2
139 7
184 7
131 3
90 7
52 1
39 9
23 6
4 1
35 1
169 9
77 10
23 5
28 5
88 6
90 6
116 7
88 4
130 4
195 9
116 4
161 7
32 8
5 5
133 7
3 7
14 9
135 10
115 10
115 4
81 6
92 1
59 5
99 7
