85 2
60 4
188 3
94 2
93 9
107 10
61 4
150 8
199 1
194 10
100 1
82 7
191 8
87 3
58 3
24 4
188 6
19 1
184 4
62 1
51 5
120 3
48 1
181 6
116 3
200 6
54 3
43 7
32 6
66 8
82 10
52 10
160 8
199 1
82 9
48 1
8 5
33 10
135 2
11 1
9 1
109 10
112 1
176 3
177 5
199 8
152 10
83 8
124 7
101 3
192 4
98 9
110 8
25 9
96 2
16 10
33 4
52 5
36 3
149 7
99 8
75 10
103 7
118 2
165 5
200 4
75 5
102 7
80 10
30 3
60 1
123 7
6 1
100 9
134 9
102 8
199 6
97 9
187 8
147 3
140 8
131 2
33 7
179 10
141 2
105 1
174 2
181 8
1 9
118 4
40 10
99 7
147 7
111 8
110 6
177 10
41 10
