130 60
86 70
50 70
148 70
189 10
12 160
178 120
155 10
127 150
136 150
35 130
5 160
164 210
45 20
72 140
162 180
26 290
76 80
23 200
106 110
183 120
57 260
104 250
137 150
114 300
13 210
128 120
73 140
182 220
157 270
146 330
154 160
27 40
170 280
20 230
159 200
190 330
121 480
129 280
84 210
185 210
10 350
18 290
196 190
88 310
69 280
21 190
91 280
153 240
42 180
90 430
14 420
63 300
143 450
92 470
156 280
186 380
166 280
59 470
197 210
78 180
65 50
195 240
28 380
64 320
68 250
81 150
169 280
125 390
71 140
144 230
163 80
38 200
34 250
117 180
138 130
67 160
37 80
53 160
46 430
145 410
56 310
41 590
40 180
1 240
174 110
105 90
141 30
131 540
140 420
147 200
6 310
30 280
102 320
165 410
118 200
103 350
75 460
99 280
36 260
16 320
25 540
124 460
83 90
152 320
112 160
11 360
135 120
33 620
160 180
52 500
43 290
200 190
116 150
181 410
48 60
184 380
19 330
24 90
87 160
191 240
82 420
100 420
194 230
199 320
150 240
61 230
94 190
60 150
8 190
193 230
115 510
172 280
111 690
108 230
54 230
80 370
179 490
167 270
173 90
132 260
98 320
9 200
158 430
180 520
110 230
119 260
126 500
133 310
149 170
187 290
188 550
31 330
29 260
95 190
134 280
39 410
120 160
109 320
171 280
168 200
49 340
47 280
4 490
17 220
77 240
97 450
175 270
44 790
70 260
123 220
3 500
142 160
74 110
176 240
122 210
198 310
62 590
113 160
66 310
2 230
107 390
79 240
89 160
177 510
161 570
96 180
58 330
15 160
101 450
192 360
139 140
93 760
32 720
22 270
85 470
51 250
55 360
