130 60
154 160
27 40
86 70
50 70
148 70
146 330
88 310
73 140
10 350
189 10
28 380
166 280
65 50
195 240
153 240
81 150
71 140
12 160
144 230
163 80
178 120
38 200
45 20
69 280
196 190
155 10
127 150
145 410
136 150
11 360
35 130
182 220
78 180
5 160
40 180
1 240
185 210
174 110
141 30
131 540
84 210
147 200
102 320
30 280
169 280
137 150
170 280
164 210
16 320
135 120
99 280
59 470
68 250
112 160
83 90
121 480
200 190
64 320
46 430
33 620
43 290
52 500
128 120
24 90
48 60
191 240
116 150
159 200
129 280
37 80
87 160
19 330
13 210
118 200
160 180
150 240
162 180
194 230
41 590
199 320
6 310
8 190
72 140
60 150
94 190
181 410
61 230
172 280
26 290
108 230
103 350
193 230
104 250
140 420
36 260
21 190
110 230
23 200
134 280
75 460
179 490
54 230
117 180
42 180
80 370
18 290
167 270
173 90
132 260
98 320
119 260
158 430
187 290
184 380
114 300
76 80
126 500
133 310
14 420
20 230
95 190
109 320
188 550
29 260
106 110
120 160
197 210
171 280
152 320
168 200
111 690
49 340
165 410
47 280
67 160
4 490
149 170
17 220
77 240
183 120
97 450
175 270
82 420
56 310
44 790
70 260
123 220
3 500
39 410
142 160
74 110
176 240
63 300
122 210
198 310
25 540
62 590
90 430
66 310
2 230
107 390
53 160
79 240
57 260
89 160
177 510
186 380
31 330
34 250
157 270
161 570
180 520
115 510
124 460
190 330
113 160
96 180
9 200
58 330
15 160
91 280
101 450
138 130
192 360
125 390
139 140
100 420
93 760
92 470
32 720
105 90
22 270
85 470
143 450
51 250
156 280
55 360
